0 0005 1781699084562
1 0008 1781699084848
2 0011 1781699085104
3 0016 1781699085437
4 0021 1781699085836
5 0028 1781699086370
6 0031 1781699086565
7 0036 1781699087044
8 0045 1781699087731
9 0050 1781699088265
10 0055 1781699088633
11 0056 1781699088699
12 0065 1781699089436
13 0068 1781699089641
14 0075 1781699090318
15 0079 1781699090683
16 0083 1781699090983
17 0086 1781699091185
18 0095 1781699091796
19 0096 1781699091861
20 0102 1781699092262
21 0107 1781699092596
22 0113 1781699092998
23 0119 1781699093546
24 0124 1781699094012
25 0130 1781699094410
26 0134 1781699094678
27 0137 1781699094953
28 0145 1781699095622
29 0148 1781699095829
30 0151 1781699096022
31 0159 1781699096562
32 0164 1781699096903
33 0166 1781699097031
34 0175 1781699097703
35 0180 1781699098112
36 0181 1781699098175
37 0190 1781699098878
38 0193 1781699099115
39 0196 1781699099315
40 0205 1781699099921
41 0208 1781699100156
42 0215 1781699100726
43 0218 1781699101000
44 0221 1781699101271
45 0229 1781699101801
46 0231 1781699101935
47 0240 1781699102776
48 0242 1781699102978
49 0248 1781699103514
50 0253 1781699104053
51 0256 1781699104457
52 0264 1781699107250
53 0267 1781699107445
54 0275 1781699108151
55 0278 1781699108462
56 0285 1781699108923
57 0290 1781699109269
58 0293 1781699109464
59 0298 1781699109867
60 0303 1781699110371
61 0308 1781699110888
62 0315 1781699111512
63 0317 1781699111686
64 0321 1781699111948
65 0330 1781699112564
66 0333 1781699112757
67 0336 1781699112958
68 0344 1781699113702
69 0349 1781699114030
70 0351 1781699114334
71 0358 1781699115610
72 0361 1781699116420
73 0369 1781699117733
74 0374 1781699118062
75 0376 1781699118196
76 0385 1781699118873
77 0389 1781699119170
78 0391 1781699119344
79 0400 1781699119943
80 0405 1781699120447
81 0406 1781699120568
82 0415 1781699121293
83 0420 1781699121760
84 0422 1781699121893
85 0430 1781699122638
86 0433 1781699122834
87 0438 1781699123202
88 0445 1781699123779
89 0447 1781699123909
90 0452 1781699124246
91 0460 1781699124855
92 0464 1781699125118
93 0466 1781699125251
94 0475 1781699125856
95 0478 1781699126126
96 0483 1781699126462
97 0486 1781699126661
98 0494 1781699127263
99 0496 1781699127496
100 0505 1781699128197
101 0506 1781699128264
102 0511 1781699128739
103 0520 1781699129477
104 0525 1781699129878
105 0530 1781699130209
106 0532 1781699130340
107 0540 1781699130949
108 0543 1781699131231
109 0546 1781699131417
110 0555 1781699132228
111 0559 1781699132523
112 0561 1781699132689
113 0570 1781699133300
114 0571 1781699133366
115 0580 1781699134204
116 0582 1781699134406
117 0586 1781699134709
118 0595 1781699135318
119 0599 1781699135588
120 0601 1781699135719
121 0606 1781699136052
122 0612 1781699136623
123 0616 1781699137005
124 0621 1781699137362
125 0626 1781699137801
126 0631 1781699138210
127 0636 1781699138606
128 0645 1781699139350
129 0650 1781699139682
130 0654 1781699139982
131 0658 1781699140284
132 0663 1781699140724
133 0666 1781699140962
134 0671 1781699141291
135 0676 1781699141773
136 0685 1781699142392
137 0689 1781699142725
138 0691 1781699142893
139 0696 1781699143527
